75180.4 1 0
75184.3 2 0
75185 3 0
75188.3 4 0
75188.6 5 0
75192.1 6 0
75192.5 7 0
75195.8 8 0
75198.7 9 0
75199 10 0
75202.4 11 0
75203.3 12 0
75206.4 13 0
75207 14 0
75210.6 15 0
75211.3 16 0
75214.2 17 0
75215.3 18 0
75218.3 19 0
75219.3 20 0
75222.7 21 0
75223.4 22 0
75226.5 23 0
75227.3 24 0
75230.5 25 0
75231 26 0
75234.2 27 0
75235.4 28 0
75238.7 29 0
75239 30 0
75242.4 31 0
75243.1 32 0
75243.7 1 1
75245 2 1
75247.8 3 1
75249.3 4 1
75252.3 5 1
75257 6 1
75260.4 7 1
75264.6 8 1
75268 9 1
75272.4 10 1
75276.6 11 1
75280.5 12 1
75284.8 13 1
75288.9 14 1
75292.6 15 1
75296.9 16 1
75300.9 17 1
75304.4 18 1
75308.1 19 1
75309.5 20 1
75312.1 21 1
75313.5 22 1
75316.4 23 1
75320.3 24 1
75325.1 25 1
75328.8 26 1
75335.4 27 1
75343.5 28 1
75344.8 29 1
75348.9 30 1
75353.3 31 1
75356.6 32 1
75364.2 1 2
75369 2 2
75370.2 3 2
75374.3 4 2
75379.6 5 2
75386.3 6 2
75392.4 7 2
75396.2 8 2
75401.8 9 2
75407.2 10 2
75408.3 11 2
75412.6 12 2
75421.4 13 2
75429.4 14 2
75436.6 15 2
75441.1 16 2
75448.1 17 2
75453.6 18 2
75460.7 19 2
75467.5 20 2
75475.8 21 2
75480.6 22 2
75485.8 23 2
75493.4 24 2
75502.2 25 2
75508.4 26 2
75515.2 27 2
75518.2 28 2
75525.8 29 2
75533.6 30 2
75537.3 31 2
75539.6 32 2
