74400.8 0 2
74404.8 2 1
74409.7 0 2
74412.1 0 2
74413.5 2 1
74419.8 0 2
74423 0 2
74431 2 1
74438.4 0 2
74443.9 0 2
74451.1 2 1
74459.2 0 2
74460.8 0 2
74466.3 2 1
74468.3 0 2
74471.5 0 2
74478.8 2 1
74488 0 2
74491.8 0 2
74499.3 2 1
74507.4 0 2
74508.3 0 2
74517 2 1
74526.5 0 2
74527.3 0 2
74530.7 2 1
74533.2 0 2
74536.3 0 2
74547.1 2 1
74557.2 0 2
74560.2 0 2
74567.9 2 1
74576.1 0 2
74581.4 0 2
74588.3 2 1
74590.2 0 2
74593.8 0 2
74600.5 2 1
74602.3 0 2
74607.2 0 2
74615 2 1
74621.7 0 2
74623.9 0 2
74627.6 2 1
74633.1 0 2
74636.9 0 2
74646.9 2 1
74648.7 0 2
