65160.4 1 0
65161 1 1
65164.3 2 0
65164.9 3 0
65168.3 4 0
65168.5 5 0
65169.1 2 1
65169.6 3 1
65172.1 6 0
65172.5 7 0
65173.1 4 1
65173.6 5 1
65175.8 8 0
65178.2 9 0
65178.5 10 0
65179 6 1
65179.6 7 1
65182 11 0
65182.9 12 0
65186 13 0
65186.5 14 0
65187.1 8 1
65187.7 9 1
65190.1 15 0
65190.9 16 0
65193.8 17 0
65194.9 18 0
65197.9 19 0
65198.9 20 0
65202.3 21 0
65202.9 22 0
65206.1 23 0
65206.9 24 0
65210.1 25 0
65210.6 26 0
65211.1 10 1
65211.7 11 1
65213.8 27 0
65214.9 28 0
65218.3 29 0
65218.6 30 0
65219.1 12 1
65219.7 13 1
65222 31 0
65222.6 32 0
65223.1 14 1
65223.7 15 1
65225.8 16 1
65227.2 17 1
65227.7 18 1
65229.3 19 1
65231.8 20 1
65234.9 21 1
65235.4 22 1
65236 23 1
65239.3 24 1
65241.3 25 1
65243.3 26 1
65243.9 27 1
65247.2 28 1
65249 29 1
65251.6 30 1
65254.5 31 1
65255.8 32 1
65260.6 1 2
65266.9 2 2
65268.1 3 2
65272.4 4 2
65279.2 5 2
65284.1 6 2
65287.8 7 2
65291.8 8 2
65296.3 9 2
65305.7 10 2
65312.9 11 2
65316.7 12 2
65323.1 13 2
65328.2 14 2
65333.4 15 2
65339 16 2
65346.1 17 2
65350.4 18 2
65354.1 19 2
65359.1 20 2
65364 21 2
65371.3 22 2
65375.8 23 2
65380.9 24 2
65385.1 25 2
65389 26 2
65397.9 27 2
65405 28 2
65414.5 29 2
65421.7 30 2
65427.7 31 2
65433.1 32 2
