69360.8 9 0
69364.7 0 2
69368.4 0 2
69371.9 0 2
69372.8 0 2
69378 0 2
69378.8 0 2
69382.6 0 2
69386.3 0 2
69390 0 2
69393.6 0 2
69397.6 0 2
69402.1 0 2
69405.9 0 2
69409.8 0 2
69410.8 0 2
69414.7 0 2
69418.3 0 2
69421.7 0 2
69422.9 0 2
69424.8 0 2
69427.8 0 2
69436 0 2
69443.7 0 2
69450.7 0 2
69455.9 0 2
69463.5 0 2
69467.1 0 2
69469.8 0 2
69472 0 2
69479.6 0 2
69483.5 0 2
69488.1 0 2
69499.3 0 2
69516.9 0 2
69526.5 0 2
69532.8 0 2
69546 0 2
69554.4 0 2
69571 0 2
69580.4 0 2
69588.7 0 2
69604.9 0 2
69621.9 0 2
69636.8 0 2
69644.9 0 2
69658.6 0 2
69665.1 0 2
