67440.2 1 0
67440.8 1 1
67444 2 0
67444.8 3 0
67448 4 0
67448.4 5 0
67448.9 2 1
67451.9 6 0
67452.3 7 0
67452.8 3 1
67455.6 8 0
67458 9 0
67458.3 10 0
67458.8 4 1
67461.7 11 0
67462.6 12 0
67465.8 13 0
67466.3 14 0
67466.9 5 1
67469.9 15 0
67470.7 16 0
67473.6 17 0
67474.6 18 0
67477.6 19 0
67478.7 20 0
67482.1 21 0
67482.8 22 0
67485.9 23 0
67486.7 24 0
67489.9 25 0
67490.3 26 0
67490.9 6 1
67493.5 27 0
67494.7 28 0
67498 29 0
67498.4 30 0
67499 7 1
67501.8 31 0
67502.3 32 0
67502.9 8 1
67503.4 9 1
67504.2 10 1
67507.2 11 1
67507.8 12 1
67511.6 13 1
67515.4 14 1
67516.5 15 1
67519.9 16 1
67523.7 17 1
67527.3 18 1
67529.3 19 1
67531.7 20 1
67535.3 21 1
67536.9 22 1
67540.1 23 1
67544.2 24 1
67547.6 25 1
67548.4 26 1
67552.1 27 1
67556 28 1
67559.3 29 1
67561.1 30 1
67563.7 31 1
67564.7 32 1
67568.2 1 2
67572.2 2 2
67578.4 3 2
67586.8 4 2
67592.8 5 2
67598.5 6 2
67602.5 7 2
67607.3 8 2
67609.9 9 2
67616.4 10 2
67623.2 11 2
67629.8 12 2
67633.8 13 2
67638.8 14 2
67645.5 15 2
67650.9 16 2
67655.6 17 2
67660.7 18 2
67664.8 19 2
67668.8 20 2
67677.9 21 2
67684.9 22 2
67691.8 23 2
67695.3 24 2
67701.3 25 2
67708.1 26 2
67712.9 27 2
67720.3 28 2
67725 29 2
67731.8 30 2
67737.7 31 2
67743.9 32 2
