18000 1 0
18002.4 2 0
18004.3 3 0
18006 4 0
18008 5 0
18010.3 6 0
18012 7 0
18014 8 0
18016 9 0
18018 10 0
18020.3 11 0
18022.4 12 0
18024.3 13 0
18026 14 0
18028 15 0
18030.4 16 0
18032 17 0
18034.4 18 0
18036 19 0
18038.4 20 0
18040 21 0
18042.4 22 0
18044 23 0
18046.4 24 0
18048 25 0
18050 26 0
18052 27 0
18054.4 28 0
18056.4 29 0
18058 30 0
18060.4 31 0
18062 32 0
18062.6 1 1
18063.1 2 1
18063.7 3 1
18064.2 4 1
18064.8 5 1
18065.3 6 1
18065.8 7 1
18066.4 8 1
18066.9 9 1
18067.4 10 1
18068 11 1
18068.6 12 1
18069.2 13 1
18069.7 14 1
18070.3 15 1
18070.9 16 1
18071.4 17 1
18072 18 1
18072.5 19 1
18073.1 20 1
18073.7 21 1
18074.2 22 1
18074.8 23 1
18075.4 24 1
18075.9 25 1
18076.5 26 1
18077 27 1
18077.6 28 1
18078.7 29 1
18080.2 30 1
18080.7 31 1
18081.3 32 1
18082.5 1 2
18083.6 2 2
18084.8 3 2
18086.1 4 2
18088.8 5 2
18090 6 2
18092.9 7 2
18095.9 8 2
18099.1 9 2
18102.3 10 2
18105.1 11 2
18107.2 12 2
18108.9 13 2
18111.1 14 2
18112.3 15 2
18113.5 16 2
18115.4 17 2
18118.4 18 2
18121.1 19 2
18122.3 20 2
18123.5 21 2
18124.7 22 2
18125.7 23 2
18127 24 2
18128.3 25 2
18131.2 26 2
18132.3 27 2
18133.5 28 2
18135.3 29 2
18138.5 30 2
18141.4 31 2
18144.4 32 2
