9420.2 1 0
9420.84 1 1
9422.55 2 0
9424.51 3 0
9425.84 2 1
9426.19 4 0
9426.78 3 1
9428.18 5 0
9428.73 4 1
9429.91 1 2
9430.54 6 0
9432.18 7 0
9432.74 5 1
9433.9 2 2
9434.18 8 0
9434.78 6 1
9436.2 9 0
9436.77 7 1
9438.19 10 0
9438.74 8 1
9439.92 3 2
9440.51 11 0
9441.79 9 1
9442.55 12 0
9443.87 10 1
9444.67 13 0
9446.2 14 0
9446.81 11 1
9448.2 15 0
9448.75 12 1
9450.55 16 0
9452.19 17 0
9452.74 13 1
9454.54 18 0
9455.94 14 1
9456.19 19 0
9456.75 15 1
9458.56 20 0
9460.21 21 0
9460.8 16 1
9462.54 22 0
9463.92 17 1
9464.21 23 0
9464.76 18 1
9466.54 24 0
9467.9 19 1
9468.22 25 0
9468.76 20 1
9470.22 26 0
9470.78 21 1
9472.21 27 0
9472.72 22 1
9473.97 4 2
9474.6 28 0
9476.56 29 0
9478.23 30 0
9478.81 23 1
9480 5 2
9480.56 31 0
9481.92 24 1
9482.23 32 0
9482.75 25 1
9483.96 6 2
9484.47 26 1
9485.04 27 1
9485.57 28 1
9486.11 29 1
9486.67 30 1
9487.23 31 1
9487.78 32 1
9488.9 7 2
9490.16 8 2
9491.45 9 2
9492.77 10 2
9493.94 11 2
9495.15 12 2
9496.43 13 2
9497.67 14 2
9499.98 15 2
9501.17 16 2
9502.32 17 2
9503.48 18 2
9504.67 19 2
9505.98 20 2
9508.81 21 2
9509.99 22 2
9512.91 23 2
9515.94 24 2
9519.14 25 2
9522.29 26 2
9525.15 27 2
9527.45 28 2
9529.12 29 2
9531.38 30 2
9532.56 31 2
9533.74 32 2
