60181 6 0
60183.1 2 1
60186.8 0 2
60187.7 0 2
60189.1 2 1
60192.7 0 2
60193.5 0 2
60194.9 2 1
60196.6 0 2
60197.4 0 2
60198.7 2 1
60201.3 0 2
60203.2 0 2
60206.7 2 1
60208.6 0 2
60209.4 0 2
60212 2 1
60213.7 0 2
60215.4 0 2
60217.4 2 1
60220.9 0 2
60221.8 0 2
60224.8 2 1
60227.4 0 2
60228.5 0 2
60229.9 2 1
60231.6 0 2
60232.4 0 2
60233.8 2 1
60238.8 0 2
60239.6 0 2
60242.2 2 1
60244 0 2
60244.8 0 2
60246.1 2 1
60247.9 0 2
60248.6 0 2
60250.2 2 1
60252 0 2
60252.9 0 2
60254.3 2 1
60256 0 2
60256.8 0 2
60258.6 2 1
60261.3 0 2
60262.1 0 2
60263.5 2 1
60265.3 0 2
