14520.6 4 0
14524.3 0 2
14526.6 0 2
14528.6 0 2
14531.7 0 2
14532.6 0 2
14534 0 2
14536 0 2
14538 0 2
14540.3 0 2
14544.3 0 2
14546 0 2
14548 0 2
14550.4 0 2
14552.6 0 2
14554.4 0 2
14556 0 2
14557.7 0 2
14560 0 2
14562.4 0 2
14564 0 2
14565.7 0 2
14568 0 2
14570 0 2
14572 0 2
14573.7 0 2
14576.4 0 2
14578.6 0 2
14581.8 0 2
14582.6 0 2
14583.7 0 2
14584.8 0 2
14585.8 0 2
14586.9 0 2
14588.6 0 2
14591 0 2
14593.4 0 2
14595.9 0 2
14599.1 0 2
14602 0 2
14604.5 0 2
14608.6 0 2
14613.1 0 2
14618.7 0 2
14625 0 2
14628.8 0 2
14632.4 0 2
14635.9 0 2
