4380.53 1 0
4381.13 1 1
4382.9 2 0
4384.85 3 0
4386.18 2 1
4386.53 4 0
4387.1 3 1
4387.65 4 1
4388.52 5 0
4389.09 5 1
4390.26 1 2
4390.87 6 0
4392.18 6 1
4392.52 7 0
4393.16 7 1
4394.52 8 0
4395.07 8 1
4396.23 2 2
4396.53 9 0
4397.07 9 1
4398.53 10 0
4399.04 10 1
4400.23 3 2
4400.84 11 0
4402.88 12 0
4404.85 13 0
4406.54 14 0
4407.14 11 1
4407.68 12 1
4408.25 13 1
4408.54 15 0
4409.13 14 1
4409.7 15 1
4410.89 16 0
4412.53 17 0
4413.08 16 1
4413.65 17 1
4414.9 18 0
4416.26 18 1
4416.53 19 0
4417.07 19 1
4418.9 20 0
4420.27 20 1
4420.54 21 0
4421.11 21 1
4422.88 22 0
4424.14 22 1
4424.55 23 0
4425.13 23 1
4426.88 24 0
4428.28 24 1
4428.55 25 0
4429.08 25 1
4430.55 26 0
4431.09 26 1
4432.54 27 0
4433.11 27 1
4434.93 28 0
4436.9 29 0
4438.26 28 1
4438.56 30 0
4439.12 29 1
4439.7 30 1
4440.89 31 0
4442.25 31 1
4442.56 32 0
4443.14 32 1
4444.41 4 2
4445.53 5 2
4446.68 6 2
4447.77 7 2
4449.02 8 2
4450.32 9 2
4451.62 10 2
4452.76 11 2
4453.98 12 2
4455.27 13 2
4456.53 14 2
4457.7 15 2
4459.28 16 2
4461.36 17 2
4462.55 18 2
4463.73 19 2
4465 20 2
4466.17 21 2
4468.96 22 2
4470.06 23 2
4472.72 24 2
4475.86 25 2
4479 26 2
4481.71 27 2
4484.69 28 2
4487.6 29 2
4488.98 30 2
4491.72 31 2
4492.91 32 2
